es_host <- 'http://localhost:9200'
default_term <- "2017-02"
term_options <- c(
  "Spring 2017" = "2017-02",
  "Fall 2016" = "2017-01"
)